Image File,Generated Question
image10.png,State Machine Diagram
image13.png,State machine diagram.
image31.png,State machine diagram.
image9.png,State Machine Diagram
image4.png,State machine diagram.
image17.png,State machine diagram.
image6.png,State Machine Diagram
image8.png,State Machine Diagram.
image26.png,State machine diagram.
image24.png,State machine diagram.
image25.png,State machine diagram.
image15.png,State machine diagram.
image38.png,State machine diagram.
image40.png,State machine diagram.
image16.png,State machine diagram.
image37.png,State machine diagram.
image11.png,State machine diagram.
image32.png,Call Ladder Diagram.
image33.png,State machine diagram.
image19.png,State machine diagram.
image20.png,State machine diagram.
image7.png,State machine diagram.
image34.png,State machine diagram.
image29.png,State machine diagram.
image14.png,State machine diagram.
image27.png,Flowchart.
image12.png,State machine diagram.
image35.png,State machine diagram.
image28.png,State Machine Diagram.
image36.png,State machine diagram.
image18.png,State Machine Diagram.
image3.png,State machine diagram.
image39.png,State machine diagram.
image5.png,State machine diagram.
